1567172761074 0.007485030062808962 0
1567172766381 0.007485030051655398 1
1567172771679 0.007485030051655398 2
1567172776940 0.007485030051655398 3
1567172782209 0.007485030051655398 4
1567172787424 0.007485030051655398 5
1567172792593 0.007485030051655398 6
1567172797726 0.007485030051655398 7
1567172802872 0.007485030062808962 8
1567172807928 0.007485030051655398 9
1567172898618 0.11781437330304863 0
1567172899576 0.2750000028151595 1
1567172900572 0.3386227571946418 2
1567172901567 0.3760479053895095 3
1567172902554 0.40434131919668465 4
1567172903519 0.4226047904370074 5
1567172904532 0.43458083945655535 6
1567172905516 0.4488023964320114 7
1567172906516 0.46571856473912737 8
1567172907505 0.471856289325717 9
1567172908513 0.4793413189981512 10
1567172909509 0.4869760485466369 11
1567172910483 0.49416167940386757 12
1567172911444 0.5008982058146043 13
1567172912405 0.5073353316255672 14
1567172913394 0.5116766483751599 15
1567172914363 0.515868264847173 16
1567172915331 0.5251497024012183 17
1567172916282 0.5291916173018382 18
1567172917253 0.5363772474898549 19
1567173639233 0.07724551063499407 0
1567173640836 0.22919162023745612 1
1567173642374 0.3089820377327903 2
1567173643813 0.3681137731555336 3
1567173645284 0.4082335343885565 4
1567173646858 0.44730539015399484 5
1567173648371 0.4702095814986143 6
1567173649799 0.4872754507971381 7
1567173651147 0.5032934139142493 8
1567173652522 0.5176646717472705 9
1567173656582 0.27709581032618436 0
1567173657606 0.6288922158722392 1
1567173658625 0.7369760484574084 2
1567173659598 0.791017965106907 3
1567173660506 0.8128742525677481 4
1567173661588 0.8338323340801421 5
1567173662474 0.8531437128960729 6
1567173663379 0.8636227526707564 7
1567173664267 0.8775449077526253 8
1567173665191 0.8844311347978557 9
1567173669564 0.515568862462829 0
1567173671245 0.7544910177856148 1
1567173672927 0.8134730554626374 2
1567173674588 0.8440119747273223 3
1567173676268 0.8748502981163071 4
1567173677958 0.8980538868261668 5
1567173679615 0.9106287367329626 6
1567173681265 0.9257484972476959 7
1567173682924 0.9330838251256657 8
1567173684575 0.9446107711263759 9
1567173690082 0.5119760488968588 0
1567173692546 0.7624251507891866 1
1567173694979 0.8255988029305806 2
1567173697557 0.8657185622674977 3
1567173700101 0.8956586781019222 4
1567173702728 0.9151197557677766 5
1567173705192 0.9303892147755195 6
1567173707661 0.9452095736643511 7
1567173710155 0.9552395145693225 8
1567173712624 0.9609281365386027 9
