1567172761074 8.494069840379817 0
1567172766381 8.242427360511826 1
1567172771679 8.242427366936278 2
1567172776940 8.24242739620323 3
1567172782209 8.242427379071355 4
1567172787424 8.242427377643699 5
1567172792593 8.242427371933076 6
1567172797726 8.24242736622245 7
1567172802872 8.242427380499011 8
1567172807928 8.242427423328696 9
1567172898618 12.418986231980924 0
1567172899576 10.162822786205544 1
1567172900572 9.560130564752454 2
1567172901567 9.329961639678407 3
1567172902554 9.043325322830748 4
1567172903519 8.868623319500221 5
1567172904532 8.761948976688043 6
1567172905516 8.42290654867709 7
1567172906516 8.292496128710445 8
1567172907505 8.21870043748867 9
1567172908513 8.143226824834676 10
1567172909509 8.045768940520144 11
1567172910483 7.932260538289647 12
1567172911444 7.818671719756669 13
1567172912405 7.753783762098073 14
1567172913394 7.724273583846178 15
1567172914363 7.611401018268334 16
1567172915331 7.492701946618315 17
1567172916282 7.412327049021235 18
1567172917253 7.30973401398002 19
1567173639233 13.675986428460675 0
1567173640836 10.757478217164913 1
1567173642374 9.52706727439058 2
1567173643813 8.791689341653607 3
1567173645284 8.289228948290477 4
1567173646858 7.873698068949991 5
1567173648371 7.592296612476874 6
1567173649799 7.441447413610127 7
1567173651147 7.243539709530904 8
1567173652522 7.01935849539534 9
1567173656582 3.3775616216802313 0
1567173657606 1.5120334641305273 1
1567173658625 0.9852752426784196 2
1567173659598 0.7771684037086493 3
1567173660506 0.6697029181404742 4
1567173661588 0.595589310376944 5
1567173662474 0.5379512660696121 6
1567173663379 0.49564653652870727 7
1567173664267 0.45512790596502983 8
1567173665191 0.4251184305120371 9
1567173669564 2.2281292207583694 0
1567173671245 0.9247445042529506 1
1567173672927 0.6517661002180176 2
1567173674588 0.5104418546407522 3
1567173676268 0.40957271847539317 4
1567173677958 0.33820613703417207 5
1567173679615 0.2836363859430045 6
1567173681265 0.2352787934042915 7
1567173682924 0.2050743933828425 8
1567173684575 0.17612749427099694 9
1567173690082 2.2224888266203644 0
1567173692546 0.8662377500426983 1
1567173694979 0.601203362719563 2
1567173697557 0.45036276632886446 3
1567173700101 0.3432099996301942 4
1567173702728 0.26747429670632156 5
1567173705192 0.21867516256651345 6
1567173707661 0.17448646383510602 7
1567173710155 0.14580945176989799 8
1567173712624 0.115432623172915 9
